Systematic ID,z_score_rep1,z_score_rep2,max_area,Time,avg_area,max_ratio
SPAC1006.06,-0.7248120992028053,0.7727401341131473,NA,NA,NA,NA
SPAC1039.01,0.9170840251094896,0.4103998612489062,NA,NA,NA,NA
SPAC1039.02,-1.325390688079588,-0.6659297249000211,NA,NA,NA,NA
SPAC1039.05c,-0.0677321874230452,0.05735079615363226,NA,NA,NA,NA
SPAC1039.08,-0.04959319977339881,-0.94497500309385,NA,NA,NA,NA
SPAC1039.09,0.2692632936650406,-1.1976614067977458,NA,NA,NA,NA
SPAC1039.10,0.7155563278405849,0.6569988634483538,NA,NA,NA,NA
SPAC105.02c,1.2355933577872988,-0.8583276798326815,NA,NA,NA,NA
SPAC1071.02,-0.39261485575396876,0.836322789483221,NA,NA,NA,NA
SPAC1071.03c,0.34452085805948707,0.5673692612118972,NA,NA,NA,NA
SPAC1071.08,-0.32152808452771264,1.0252657114348993,NA,NA,NA,NA
SPAC1071.12c,-0.032044783814671594,0.7941535885924675,NA,NA,NA,NA
SPAC1093.03,-0.020796026019787722,-0.37305926291393104,NA,NA,NA,NA
SPAC10F6.06,-2.2229418497111078,0.6855853219208784,NA,NA,NA,NA
SPAC10F6.13c,-0.18548788898456384,-1.2509794970794153e-4,NA,NA,NA,NA
SPAC10F6.15,0.6640721923573456,-0.7549473071478766,NA,NA,NA,NA
SPAC10F6.16,-2.418662232667596,0.9667857872325145,NA,NA,NA,NA
SPAC11D3.06,-1.1603072469004372,-0.8383776774485606,NA,NA,NA,NA
SPAC11D3.09,0.22217685972943063,1.3163443564890924,NA,NA,NA,NA
SPAC11D3.10,0.40835296284185435,1.8156820742954498,NA,NA,NA,NA
SPAC11E3.05,0.7745817405501362,0.6207777611904537,NA,NA,NA,NA
SPAC11E3.08c,-0.38220971551976957,0.5147134797752753,NA,NA,NA,NA
SPAC11G7.01,-0.8030213261573802,0.5328722328634173,NA,NA,NA,NA
SPAC11H11.05c,-1.4844714902448308,-1.9397793199706634,465,0,273,1.7032967032967032
SPAC1296.03c,0.27574630439098746,0.4200834737378889,NA,NA,NA,NA
SPAC12B10.01c,-0.11892209791803475,1.494034833216071,NA,NA,NA,NA
SPAC12B10.03,-0.7599992349065491,0.9570204190270242,NA,NA,NA,NA
SPAC12B10.05,0.19249340728944364,0.06671644143231427,NA,NA,NA,NA
SPAC12B10.10,-0.18007502953644605,-0.20680082349506818,NA,NA,NA,NA
SPAC12G12.09,0.3138729319402051,0.526778358194765,NA,NA,NA,NA
SPAC12G12.12,-0.23680688309708936,0.8284220451733282,NA,NA,NA,NA
SPAC139.01c,-0.5272501155014148,-0.7236338332459953,NA,NA,NA,NA
SPAC139.05,-0.2503612098781307,0.34789170903793104,NA,NA,NA,NA
SPAC13A11.04c,-0.43908558474506354,-0.4639478252867965,NA,NA,NA,NA
SPAC13A11.06,-1.2991008269107043,-1.1669289160765903,269.5,0,254,1.061023622047244
SPAC13C5.03,-0.3669154392277508,0.6616837037372728,NA,NA,NA,NA
SPAC13D6.03c,0.6379930240376082,0.22069703563286988,NA,NA,NA,NA
SPAC13F5.01c,-0.5962094834108767,1.170334556247976,NA,NA,NA,NA
SPAC13F5.04c,0.5100066598424455,0.3565247453660127,NA,NA,NA,NA
SPAC13F5.07c,0.3111848727554492,0.10335370753131853,NA,NA,NA,NA
SPAC13G6.01c,-1.5939694187052489,0.3553111503066207,NA,NA,NA,NA
SPAC13G6.15c,-0.024381799236198553,0.1390872388935428,NA,NA,NA,NA
SPAC13G7.04c,0.3921973450996871,0.895107933527248,NA,NA,NA,NA
SPAC1420.03,-0.5593158057104141,0.5304087620202389,NA,NA,NA,NA
SPAC144.05,-0.5432721945886353,0.31297287186822187,NA,NA,NA,NA
SPAC144.17c,-0.7366266573357793,0.5107660554698561,NA,NA,NA,NA
SPAC14C4.05c,0.30120775090574836,0.8737641365923313,NA,NA,NA,NA
SPAC14C4.12c,-0.18041649714165336,-0.6338562836875625,NA,NA,NA,NA
SPAC14C4.15c,0.307676100827882,0.010846263063471756,NA,NA,NA,NA
SPAC1556.01c,1.9818111720169425,-0.12442453325274437,NA,NA,NA,NA
SPAC15A10.10,0.5284127136545066,0.8684476434611248,NA,NA,NA,NA
SPAC15A10.11,-1.0436089763599892,0.5423688630874463,NA,NA,NA,NA
SPAC15A10.16,-0.20010719624828685,-0.7312128354122985,NA,NA,NA,NA
SPAC15E1.05c,0.6773891009480919,0.7525201674219586,NA,NA,NA,NA
SPAC16.01,0.8466320996488266,-1.4938403825140802,NA,NA,NA,NA
SPAC1610.03c,0.48382304588251357,1.0004664896858886,NA,NA,NA,NA
SPAC1635.01,-0.5378461740209939,0.7471504075411013,NA,NA,NA,NA
SPAC167.07c,0.3297355401628518,1.2214028228069265,NA,NA,NA,NA
SPAC1687.05,-0.08679738222770356,1.5849616304206249,NA,NA,NA,NA
SPAC1687.06c,-0.8584648325130729,1.430937749908545,NA,NA,NA,NA
SPAC1687.12c,-0.5329596134769076,-0.0031807724139025543,NA,NA,NA,NA
SPAC1687.21,-1.7034274512133796,1.1775352872642206,325,0,308,1.0551948051948052
SPAC16E8.13,0.3244921688521503,0.8141449826189829,NA,NA,NA,NA
SPAC1705.02,0.14598480149269538,0.3836366348264131,NA,NA,NA,NA
SPAC1751.01c,0.1293102468313664,-1.801840779084261,NA,NA,NA,NA
SPAC1782.01,-0.9186880020271818,0.1424631069628243,NA,NA,NA,NA
SPAC1782.05,-0.4985012819516452,0.49352399085433707,NA,NA,NA,NA
SPAC1782.06c,-0.40287713439258505,1.0855865141724232,NA,NA,NA,NA
SPAC1783.07c,-1.1497289259517594,-0.6125645837531714,NA,NA,NA,NA
SPAC1786.02,-1.2476152344073723,-2.0367612545418794,NA,NA,NA,NA
SPAC17A2.01,0.08540743059263466,1.8516761847164336,NA,NA,NA,NA
SPAC17A2.02c,0.25236670841751313,0.9691750222890576,NA,NA,NA,NA
SPAC17A2.05,-1.2884378463102817,1.1428110502939135,786,0,321,2.4485981308411215
SPAC17A2.11,-0.24609011104202216,-1.4539469646736911,NA,NA,NA,NA
SPAC17A2.12,0.1417351546073802,1.052833954438018,NA,NA,NA,NA
SPAC17A2.13c,0.25187081169576564,0.11165244122408056,NA,NA,NA,NA
SPAC17A5.09c,-1.5167348243822367,1.0329399409406514,NA,NA,NA,NA
SPAC17C9.07,-0.1190472734394804,-0.8027631113708965,NA,NA,NA,NA
SPAC17G6.15c,-0.15020043051028617,0.9146649392990519,NA,NA,NA,NA
SPAC17H9.01,-0.8399383360960383,-0.8553693028255304,NA,NA,NA,NA
SPAC1805.04,-0.3599892437818328,-0.15507936096422772,NA,NA,NA,NA
SPAC1805.11c,0.7483214786606184,-1.6990104980637495,NA,NA,NA,NA
SPAC1805.12c,-0.4427061912411356,-0.0014743907785111116,NA,NA,NA,NA
SPAC1851.03,0.00856705392103053,0.15725924639063174,NA,NA,NA,NA
SPAC186.05c,-1.7869010522760147,0.40795959090168243,NA,NA,NA,NA
SPAC18B11.02c,-1.5316804461425588,0.4261333432085846,NA,NA,NA,NA
SPAC18B11.04,0.5525410149786082,1.2009215998369134,NA,NA,NA,NA
SPAC18B11.07c,-0.048972851358568645,0.8902138850225412,NA,NA,NA,NA
SPAC18B11.11,0.08533476005479078,0.8141798721051564,NA,NA,NA,NA
SPAC18G6.02c,-0.6997976220693536,-2.203815966121437,NA,NA,NA,NA
SPAC18G6.05c,1.1653415397173474,0.9836573255727191,NA,NA,NA,NA
SPAC18G6.15,-1.6137201029772852,-0.3150777546649692,NA,NA,NA,NA
SPAC1952.05,-0.9302568690483005,-1.0748093432594132,297,0,265.5,1.11864406779661
SPAC1952.06c,-0.36713621583425504,-0.08969661512007282,NA,NA,NA,NA
SPAC1952.07,-0.1261280020184273,0.4583609963500301,NA,NA,NA,NA
SPAC1952.11c,-0.13781053688536765,1.3032375403886935,NA,NA,NA,NA
SPAC1952.12c,-2.982510989395893,0.9520085889337784,NA,NA,NA,NA
SPAC1952.15c,-0.208235258777272,0.17206510656353405,NA,NA,NA,NA
SPAC1952.16,0.10847436789329955,1.0640074688020804,NA,NA,NA,NA
SPAC19A8.02,-0.9965888102835693,-0.34370454446458926,NA,NA,NA,NA
SPAC19A8.03,-0.42907385999977143,1.904143271057189,NA,NA,NA,NA
SPAC19A8.08,-0.49568888121206384,0.6647254607011562,NA,NA,NA,NA
SPAC19A8.10,-0.7796579240871127,-0.7064644269742042,NA,NA,NA,NA
SPAC19A8.14,0.8877838071950395,1.1994808604400693,NA,NA,NA,NA
SPAC19E9.01c,-0.38148612606177856,0.9838279031672059,NA,NA,NA,NA
SPAC19E9.03,0.6607068140744246,0.9402589661370022,NA,NA,NA,NA
SPAC19G12.05,-0.406286592773277,0.0931899385423493,NA,NA,NA,NA
SPAC19G12.16c,-1.5751261406971317,-0.11784689626776286,NA,NA,NA,NA
SPAC1A6.03c,-0.0681413944971633,-0.9992611803605888,NA,NA,NA,NA
SPAC1B1.04c,-2.332561501196713,0.5440500602454783,NA,NA,NA,NA
SPAC1B3.10c,0.7581354014284902,0.29711708890778576,NA,NA,NA,NA
SPAC1D4.05c,1.2614392725946593,0.575412882404292,NA,NA,NA,NA
SPAC1F12.10c,-1.721767606742566,-0.4168921691843645,NA,NA,NA,NA
SPAC1F7.10,-0.05000403225403846,0.8238872803004386,NA,NA,NA,NA
SPAC1F7.12,0.9177769641768239,1.1977299620355255,NA,NA,NA,NA
SPAC1F8.04c,1.5383832085041111,-1.233808510671942,645,0,378,1.7063492063492063
SPAC1F8.05,-0.4000605381380433,0.6459773810739161,NA,NA,NA,NA
SPAC20G4.02c,0.6918454532080691,0.7588729890757092,NA,NA,NA,NA
SPAC20G4.08,1.8429359674678274,-0.15998680773695614,NA,NA,NA,NA
SPAC20G8.07c,-1.734740463493728,0.8884579436082523,NA,NA,NA,NA
SPAC20G8.09c,-0.1370741758482092,-0.48674497765945784,NA,NA,NA,NA
SPAC20H4.08,-0.6322165950023044,0.9490669453027389,NA,NA,NA,NA
SPAC212.04c,0.6235098227719041,0.2746015278374019,NA,NA,NA,NA
SPAC21E11.04,1.0374703836940085,1.7777067950776106,627,0,310,2.02258064516129
SPAC222.08c,-1.0499710237590496,-0.051967994841954517,NA,NA,NA,NA
SPAC222.13c,2.0652286858820745,1.481689389326116,305,0,250.5,1.217564870259481
SPAC227.01c,1.142240952733972,0.49420605399486517,NA,NA,NA,NA
SPAC227.03c,0.31539888773425445,1.3476608681462345,NA,NA,NA,NA
SPAC227.06,-2.1425370886971113,0.5792388246010067,NA,NA,NA,NA
SPAC227.07c,-0.9089375481213033,1.5625214180486808,NA,NA,NA,NA
SPAC227.10,-0.11325286111119569,1.4175265476631131,NA,NA,NA,NA
SPAC22A12.01c,0.10157855105448903,0.8829085047780066,NA,NA,NA,NA
SPAC22A12.07c,0.051435537817560884,-0.21559717537187523,NA,NA,NA,NA
SPAC22A12.14c,-0.3486039448466366,0.21768300159748724,NA,NA,NA,NA
SPAC22A12.16,0.19409415066776226,-1.40566894562115,NA,NA,NA,NA
SPAC22E12.04,-2.5500678961118117,-0.8010428460934422,NA,NA,NA,NA
SPAC22F3.04,-0.0030555479048297793,0.5537630013910061,NA,NA,NA,NA
SPAC22F3.13,-1.6552841191652552,1.5570958650295446,1022.5,0,261.5,3.910133843212237
SPAC22F8.07c,-0.5198750974449294,-0.8852933127436703,NA,NA,NA,NA
SPAC22F8.09,0.30603254337763847,0.7419257399246749,NA,NA,NA,NA
SPAC22G7.01c,-0.4854114848037731,-1.0392007098066414,NA,NA,NA,NA
SPAC22G7.03,-0.2566054130843833,-0.01379047803270947,NA,NA,NA,NA
SPAC22H10.08,-2.1020732264861666,0.16465674330063604,NA,NA,NA,NA
SPAC22H10.11c,-0.08789599229869893,1.0424507381913695,NA,NA,NA,NA
SPAC22H12.01c,0.04899974542567263,1.0799979938093367,NA,NA,NA,NA
SPAC23A1.06c,1.6732343940124828,1.0507526575296575,288,0,258,1.1162790697674418
SPAC23C11.01,-1.3452405244144279,0.17475050043960147,NA,NA,NA,NA
SPAC23C4.03,-1.2346633870767034,1.4744300369450414,NA,NA,NA,NA
SPAC23C4.05c,-0.6056034391218794,1.0514564165450402,NA,NA,NA,NA
SPAC23C4.06c,-0.09268736272248829,0.9640560401547705,NA,NA,NA,NA
SPAC23C4.08,-0.5482790475464917,1.3727027795676676,NA,NA,NA,NA
SPAC23D3.11,-0.21765647309869196,0.5603042763324158,NA,NA,NA,NA
SPAC23D3.12,-0.18259968279996103,0.29443347507495704,NA,NA,NA,NA
SPAC23G3.07c,-0.03938821341173061,0.8242139044451062,NA,NA,NA,NA
SPAC23H3.03c,-1.1650680774855533,-0.18101953231028353,NA,NA,NA,NA
SPAC23H3.05c,-1.9540087697782194,-1.1260083437450807,285,0,285,1
SPAC23H3.12c,0.9225742223497718,0.41569042026727704,NA,NA,NA,NA
SPAC23H3.15c,-0.5942522420024859,0.512327736830664,NA,NA,NA,NA
SPAC23H4.01c,-0.1916353747671121,0.006627138189101367,NA,NA,NA,NA
SPAC24C9.02c,-0.24933298238054977,0.6462641203068824,NA,NA,NA,NA
SPAC24H6.07,0.795746219856295,-0.286585093272074,NA,NA,NA,NA
SPAC25B8.10,-1.0267631355267994,0.5407392081088227,NA,NA,NA,NA
SPAC25G10.01,0.7995597307819066,1.091968883214612,NA,NA,NA,NA
SPAC25H1.07,0.38324360381269534,0.07201570643388079,NA,NA,NA,NA
SPAC26A3.02,0.7165681099631104,-1.299586660285668,NA,NA,NA,NA
SPAC26F1.01,-0.432833398424016,-0.6140931391284007,NA,NA,NA,NA
SPAC26H5.07c,-2.642075644524888,-1.522382191422467,247.5,0,243,1.0185185185185186
SPAC27E2.01,-0.7359331376798377,0.5361512530308403,NA,NA,NA,NA
SPAC27E2.09,-0.025614912091659846,0.9358752827960806,NA,NA,NA,NA
SPAC27F1.03c,0.5303007440550433,-1.6303563265020833,NA,NA,NA,NA
SPAC27F1.10,-0.055520236960237265,0.12022730199170031,NA,NA,NA,NA
SPAC29A4.11,0.22383609520874398,1.1989884495726633,NA,NA,NA,NA
SPAC29A4.14c,2.1085757166672385,0.8755207708571495,NA,NA,NA,NA
SPAC29A4.20,-0.5614562265654888,0.030802251680768472,NA,NA,NA,NA
SPAC29B12.03,0.5409577450671792,-1.8137833142684012,NA,NA,NA,NA
SPAC29E6.10c,1.2360201609910602,0.3394427339617083,NA,NA,NA,NA
SPAC2C4.15c,-0.5646186606216524,1.2352159134579386,NA,NA,NA,NA
SPAC2E12.03c,-0.7646061425904013,0.9490274513537642,NA,NA,NA,NA
SPAC2E1P3.02c,-1.2464863785128584,-1.9450386723583033,NA,NA,NA,NA
SPAC2E1P3.04,0.6067753906030142,-0.2902543887210292,NA,NA,NA,NA
SPAC2E1P5.02c,-0.10865527394575947,0.11360875879656089,NA,NA,NA,NA
SPAC2F3.01,-0.10859449121327751,-0.8510933757292455,NA,NA,NA,NA
SPAC2F3.05c,-1.4678400467586932,0.10483220995511869,NA,NA,NA,NA
SPAC2F3.07c,0.5811910417228564,1.823463975448879,NA,NA,NA,NA
SPAC2F7.02c,1.1953383562775763,2.518820555365188,929,0,300,3.0966666666666667
SPAC2F7.03c,-1.7101458903538183,-1.3735504841732058,253,0,253,1
SPAC2F7.06c,-0.3429188791002425,1.245666441342636,NA,NA,NA,NA
SPAC2G11.03c,0.981518430022769,0.05936640815943154,NA,NA,NA,NA
SPAC2G11.07c,0.30091660100758094,0.9110484370968253,NA,NA,NA,NA
SPAC2G11.10c,0.4658387893989598,0.8247035379775588,NA,NA,NA,NA
SPAC2G11.15c,-0.14249466961407328,1.0658487296232113,NA,NA,NA,NA
SPAC30.01c,-0.06045845731793839,0.392747637434506,NA,NA,NA,NA
SPAC30C2.02,-0.02447472850380443,0.8729596199953855,NA,NA,NA,NA
SPAC30C2.04,-0.18988561413575009,0.06549602915744494,NA,NA,NA,NA
SPAC30C2.05,0.1615564603512954,-1.8458648433158826,NA,NA,NA,NA
SPAC30D11.09,-0.8864920355627858,-0.9502275395576409,NA,NA,NA,NA
SPAC30D11.10,-0.002484608790713766,-0.17058956727154936,NA,NA,NA,NA
SPAC30D11.11,0.17820588793073136,-0.11158367354489587,NA,NA,NA,NA
SPAC31G5.07,-0.17135958280621416,0.7265233276742571,NA,NA,NA,NA
SPAC31G5.10,0.1853513553753874,-0.06817475407845044,NA,NA,NA,NA
SPAC32A11.02c,-0.406830348381715,0.3876197845791024,NA,NA,NA,NA
SPAC32A11.03c,-1.5035380108858079,-0.016883031169898654,NA,NA,NA,NA
SPAC343.06c,0.17436619538466883,1.1967123758956786,NA,NA,NA,NA
SPAC343.09,1.4081042862677053,1.288897186249453,313.5,0,302,1.0380794701986755
SPAC343.16,-0.12853167954318678,-0.15386471085548012,NA,NA,NA,NA
SPAC3A11.04,-0.755587909312954,-0.9212976581171033,NA,NA,NA,NA
SPAC3A11.06,-0.6159346312846409,0.5590137524535144,NA,NA,NA,NA
SPAC3A12.17c,0.07739726671987517,1.9273359969912924,NA,NA,NA,NA
SPAC3C7.01c,0.13637824185888947,0.33777266145975193,NA,NA,NA,NA
SPAC3C7.02c,-1.1222827336108674,0.6473056638990299,NA,NA,NA,NA
SPAC3C7.03c,-0.4460759433799363,-0.1822246961909165,NA,NA,NA,NA
SPAC3C7.05c,-0.5855370092821311,0.8581701027394842,NA,NA,NA,NA
SPAC3C7.07c,-0.37671094128335675,1.2149334365631086,NA,NA,NA,NA
SPAC3C7.08c,-0.022782677659387473,0.22001489004874097,NA,NA,NA,NA
SPAC3C7.10,-0.8930130808980613,0.8060121055307389,NA,NA,NA,NA
SPAC3C7.12,-1.4820837340820865,-0.7913111870360989,NA,NA,NA,NA
SPAC3C7.13c,-0.4810371175676093,0.7426165666291568,NA,NA,NA,NA
SPAC3F10.05c,-0.9936115017839107,0.04288201404848527,NA,NA,NA,NA
SPAC3F10.06c,0.07548872067512337,0.1829863842439944,NA,NA,NA,NA
SPAC3F10.13,0.35941561095777136,0.19517556738996583,NA,NA,NA,NA
SPAC3G6.03c,-1.3130473649672054,0.7259656713921594,NA,NA,NA,NA
SPAC3G6.06c,-0.6151770450603222,1.6331819792311912,NA,NA,NA,NA
SPAC3G6.09c,0.5139739308369718,0.31521877865189135,NA,NA,NA,NA
SPAC3G6.11,-0.6321001659139873,0.32136420297263046,NA,NA,NA,NA
SPAC3G9.05,-0.15269596197122792,0.5609219337776589,NA,NA,NA,NA
SPAC3H1.04c,0.20726086840948182,-0.23742489803218705,NA,NA,NA,NA
SPAC3H1.12c,-0.41398462741902065,-0.07985870363029106,NA,NA,NA,NA
SPAC3H1.14,-2.853888988839956,-1.4814286782101098,255,0,245,1.0408163265306123
SPAC3H5.04,-0.3020444083426735,-0.06870250337319066,NA,NA,NA,NA
SPAC3H8.10,-0.6911574867814564,1.1330535962113688,NA,NA,NA,NA
SPAC458.02c,-1.6986591874333854,0.30858860656584036,NA,NA,NA,NA
SPAC4F10.02,-0.8896064985467408,0.058548474851656,NA,NA,NA,NA
SPAC4F10.07c,2.704599238923779,1.4743662725171875,293,0,255,1.1490196078431372
SPAC4F8.10c,-0.9920082880692163,0.14623829053991444,NA,NA,NA,NA
SPAC4F8.11,-0.4697821594353083,0.1064716330501025,NA,NA,NA,NA
SPAC4G8.04,-0.9649217974807568,-0.263173606927415,NA,NA,NA,NA
SPAC4G8.05,-0.8626507476640748,-0.5301401206707995,NA,NA,NA,NA
SPAC4G8.08,-0.6431729427626802,-0.08629289133717656,NA,NA,NA,NA
SPAC4G9.02,-0.5584258189394345,-0.048937053844123043,NA,NA,NA,NA
SPAC4G9.09c,0.24472629477771202,0.7997811473017461,NA,NA,NA,NA
SPAC4G9.11c,-0.9791530412794544,-0.06138573921435038,NA,NA,NA,NA
SPAC4G9.14,-0.5268183643202333,0.18989953551515015,NA,NA,NA,NA
SPAC4G9.19,0.1775669823828224,1.356049810989721,NA,NA,NA,NA
SPAC4G9.20c,-0.3041930222839496,0.6206591033008602,NA,NA,NA,NA
SPAC4H3.01,-1.2320393132819705,1.8916052275637607,NA,NA,NA,NA
SPAC4H3.03c,-0.004241243022453383,0.6071665297304909,NA,NA,NA,NA
SPAC4H3.04c,-0.03245221654917264,-1.0316970673173382,NA,NA,NA,NA
SPAC4H3.07c,-0.25777500579507284,-1.112279537027855,NA,NA,NA,NA
SPAC513.02,0.9656492471589706,-0.13233909691257542,NA,NA,NA,NA
SPAC513.05,0.4427812633334233,1.3894905527850088,NA,NA,NA,NA
SPAC521.02,1.3215673730735853,-0.3093125913237776,NA,NA,NA,NA
SPAC521.04c,1.3840974357395455,-0.11007793482283722,NA,NA,NA,NA
SPAC56E4.03,-1.030033486536646,-1.4582309538251808,NA,NA,NA,NA
SPAC56E4.06c,1.1213889393139125,-1.331354978977773,NA,NA,NA,NA
SPAC56F8.06c,-0.4959945897674537,0.15791720270972942,NA,NA,NA,NA
SPAC56F8.09,-0.405562914532156,-0.06048542497213193,NA,NA,NA,NA
SPAC56F8.14c,0.10571156531284161,-1.0599118705612998,NA,NA,NA,NA
SPAC57A10.03,-0.2728198631147842,0.06893377626182094,NA,NA,NA,NA
SPAC57A10.09c,-0.814294271118833,-1.4740569520738422,NA,NA,NA,NA
SPAC57A7.05,0.854346319264847,-1.2931528681479874,NA,NA,NA,NA
SPAC589.05c,-0.2398253224624644,0.37630509413496793,NA,NA,NA,NA
SPAC589.07c,-2.065273617553134,0.6434293061509415,NA,NA,NA,NA
SPAC589.09,-0.23476062590712996,0.4631939561805784,NA,NA,NA,NA
SPAC5D6.07c,-2.460896303697343,1.742996040948216,NA,NA,NA,NA
SPAC5D6.10c,-0.4808826192422383,1.215228135878265,NA,NA,NA,NA
SPAC5H10.01,0.6782224227844977,0.24546619698992264,NA,NA,NA,NA
SPAC5H10.10,-0.10866842695268829,1.8296418750621037,NA,NA,NA,NA
SPAC5H10.11,-0.32670314685242663,-1.0727422275637457,NA,NA,NA,NA
SPAC5H10.12c,-0.08060738391450344,-0.838472004290901,NA,NA,NA,NA
SPAC607.08c,-0.7712193614857537,-0.28075319990162145,NA,NA,NA,NA
SPAC630.13c,-0.046870054494197524,-0.10023448754720202,NA,NA,NA,NA
SPAC630.14c,0.25965092812565616,-0.005143317878336756,NA,NA,NA,NA
SPAC637.11,-0.5623003085336152,-0.4971196090334376,NA,NA,NA,NA
SPAC637.13c,-0.18974769323583382,1.3532335582482582,NA,NA,NA,NA
SPAC644.09,-0.13627195099420716,-0.08073437165633789,NA,NA,NA,NA
SPAC644.11c,-1.9769305201709424,0.14197549218597133,NA,NA,NA,NA
SPAC644.14c,-0.10927071728010071,0.46844925067140886,NA,NA,NA,NA
SPAC644.15,-0.01484622700950465,0.07660157053995963,NA,NA,NA,NA
SPAC664.01c,1.377498443403385,0.17073842688627114,NA,NA,NA,NA
SPAC664.02c,-0.39375939857933145,-0.2494936860493409,NA,NA,NA,NA
SPAC664.03,0.507115705108942,-0.3155259866888557,NA,NA,NA,NA
SPAC664.07c,-0.8576262312782494,0.15114455359203868,NA,NA,NA,NA
SPAC664.12c,-0.37444597858979034,-0.2677473947995757,NA,NA,NA,NA
SPAC688.06c,-0.4500814461623834,0.4500486982201912,NA,NA,NA,NA
SPAC688.10,-0.5037324063203865,0.6682512757161154,NA,NA,NA,NA
SPAC688.14,-0.6503035229229087,-0.4431593860347894,NA,NA,NA,NA
SPAC694.02,0.9718609649593549,0.3622663552997639,NA,NA,NA,NA
SPAC694.06c,0.9773812674243451,-0.9228428858073605,NA,NA,NA,NA
SPAC6B12.02c,-0.08979334141129305,-0.06370395950227957,NA,NA,NA,NA
SPAC6B12.05c,-1.639314325560652,-0.9844551706287044,NA,NA,NA,NA
SPAC6C3.02c,-0.17530888740420192,0.7711290182083727,NA,NA,NA,NA
SPAC6C3.08,1.3313913987402293,1.679518239280459,300,0,290,1.0344827586206897
SPAC6F12.12,-0.5988068670933233,-0.9959333626791296,NA,NA,NA,NA
SPAC6F6.01,-0.6248301037520863,0.7281564316758606,NA,NA,NA,NA
SPAC6F6.17,0.11247831563670727,1.393757458245944,NA,NA,NA,NA
SPAC6G10.03c,0.14216554436981257,1.679803514330567,NA,NA,NA,NA
SPAC6G10.06,-0.0027405113649903593,1.5758602194994493,NA,NA,NA,NA
SPAC6G9.04,-0.6652257058969836,-0.4916909151771062,NA,NA,NA,NA
SPAC6G9.05,0.5904943430341923,-0.5870051824890888,NA,NA,NA,NA
SPAC6G9.12,-0.07265042244644233,0.7379296235875703,NA,NA,NA,NA
SPAC750.06c,-2.0662769915719554,0.7918773827882377,NA,NA,NA,NA
SPAC7D4.02c,-1.7020231216640922,-1.2450474070603093,790,0,300.5,2.6289517470881862
SPAC806.08c,1.022419633085492,-0.13603993576275117,NA,NA,NA,NA
SPAC821.11,1.2162550360186553,-0.2847595652202215,NA,NA,NA,NA
SPAC823.11,0.4712005586980912,0.9229733278252527,NA,NA,NA,NA
SPAC824.08,0.20054700697429406,-1.030465065223382,NA,NA,NA,NA
SPAC869.05c,-0.7395150186452623,-0.72860988037526,NA,NA,NA,NA
SPAC869.06c,-0.5557591574640551,1.5918687575367667,NA,NA,NA,NA
SPAC869.10c,-1.4752804501882204,0.8958710369671129,NA,NA,NA,NA
SPAC890.03,-0.9069207859516938,0.3140919109035217,NA,NA,NA,NA
SPAC890.05,-2.629554018728156,-0.6864122409383736,NA,NA,NA,NA
SPAC8C9.04,-1.0189654714705976,-0.38734504937907677,NA,NA,NA,NA
SPAC8C9.11,-0.3403126395851385,0.5368305372011412,NA,NA,NA,NA
SPAC8E11.10,-0.06247032686861924,0.5588044505134018,NA,NA,NA,NA
SPAC8F11.03,-0.23870857804059997,-0.5036909019475102,NA,NA,NA,NA
SPAC8F11.08c,0.23662540365965107,0.47374478691491473,NA,NA,NA,NA
SPAC9.06c,0.8560601777073258,1.7793891265622241,NA,NA,NA,NA
SPAC9.07c,0.7878211718403197,-0.28415530780090886,NA,NA,NA,NA
SPAC9.10,0.16152176915195773,-0.336214408541682,NA,NA,NA,NA
SPAC922.03,-0.6087380399967953,-0.647663637321264,NA,NA,NA,NA
SPAC922.05c,-1.3736499680258365,0.766364580678895,NA,NA,NA,NA
SPAC926.02,0.06647050056134843,-1.0071132088886081,NA,NA,NA,NA
SPAC926.07c,0.06989458656136184,-1.1368471072498305,NA,NA,NA,NA
SPAC926.09c,-0.5431638862842444,-1.4362296741632545,NA,NA,NA,NA
SPAC977.06,0.7920529510093525,0.8897774139035253,NA,NA,NA,NA
SPAC977.11,-0.5062012144625528,-0.9138196212007995,NA,NA,NA,NA
SPAC977.15,-0.4197031189977157,-1.7153991106236388,NA,NA,NA,NA
SPAC9E9.05,-0.6338621507974342,0.9678033734193804,NA,NA,NA,NA
SPAC9E9.10c,1.07259188100077,0.3201968282043591,NA,NA,NA,NA
SPAC9E9.12c,0.8848197540498762,-0.4213705538655257,NA,NA,NA,NA
SPAC9E9.13,0.41494997093178393,-0.3714808340782268,NA,NA,NA,NA
SPAC9E9.15,1.0156951738358588,-1.154056827795421,NA,NA,NA,NA
SPAC9G1.02,0.4132272948874404,-0.46284384393050765,NA,NA,NA,NA
SPAC9G1.07,-0.7846068156012658,0.07081672622909069,NA,NA,NA,NA
SPAC9G1.12,0.10673695838258666,1.4659527610831908,NA,NA,NA,NA
SPACUNK12.02c,0.6623774527650774,1.4537510052619007,NA,NA,NA,NA
SPACUNK4.11c,0.303189018166116,1.1370581424221977,NA,NA,NA,NA
SPACUNK4.12c,-0.6673348264930032,-0.5644156279734562,NA,NA,NA,NA
SPACUNK4.13c,0.04733539268769711,-0.7728853384374463,NA,NA,NA,NA
SPACUNK4.16c,-0.6940525676916435,-0.4406670174411815,NA,NA,NA,NA
SPACUNK4.17,0.501605730950353,0.7834082292924647,NA,NA,NA,NA
SPAP14E8.04,-0.18828352324702521,-0.17588731324801812,NA,NA,NA,NA
SPAP32A8.02,0.0658367216334407,0.9897545505534192,NA,NA,NA,NA
SPAP32A8.03c,-0.11638244790302937,-0.6168742075353207,NA,NA,NA,NA
SPAP8A3.13c,-0.23218198120631237,0.953356119834326,NA,NA,NA,NA
SPAPB1A11.04c,-0.45816086926496796,-0.9342127566817507,NA,NA,NA,NA
SPAPB24D3.01,0.5526894876012879,1.433053897502114,NA,NA,NA,NA
SPAPB24D3.02c,0.35403882264267444,1.3823472861260537,NA,NA,NA,NA
SPAPB24D3.08c,-0.19583165369190098,1.6043640195427242,NA,NA,NA,NA
SPAPB2C8.01,0.04138594216386378,-0.331442324307111,NA,NA,NA,NA
SPAPB8E5.04c,-0.48141861754898774,-2.0472338242068626,NA,NA,NA,NA
SPAPB8E5.05,-0.07409374730177831,0.6628783144484577,NA,NA,NA,NA
SPAPJ691.02,-0.4369259708162681,0.698261381838077,NA,NA,NA,NA
SPAPJ760.02c,-1.0331868028374898,-0.32119736025107465,NA,NA,NA,NA
SPAPJ760.03c,1.085328907887022,-2.255625504899676,NA,NA,NA,NA
SPBC106.03,0.8036459335645039,-0.09237329917909665,NA,NA,NA,NA
SPBC106.11c,0.0708753420713196,0.4952916902977803,NA,NA,NA,NA
SPBC1105.02c,-0.8479195748188743,-0.14476686503166167,NA,NA,NA,NA
SPBC1105.08,-1.1089015099502573,-0.5683506713903118,NA,NA,NA,NA
SPBC1105.11c,0.10280619147042115,-0.5649698506797282,NA,NA,NA,NA
SPBC115.02c,-0.8521743092916262,0.7050807782319128,NA,NA,NA,NA
SPBC119.03,0.19315880004665775,0.17438014388337922,NA,NA,NA,NA
SPBC119.06,0.22163808512427155,0.0516899904415871,NA,NA,NA,NA
SPBC1198.07c,-0.01938347543122376,-0.054503683851271245,NA,NA,NA,NA
SPBC1198.12,0.3636540100408125,0.7129601154519272,NA,NA,NA,NA
SPBC1198.14c,-1.6162427987810681,1.189826219243098,259,0,243,1.0658436213991769
SPBC11B10.02c,-0.41717533707744764,0.2351342220883029,NA,NA,NA,NA
SPBC11B10.05c,-2.075386869014406,0.09934872434957294,NA,NA,NA,NA
SPBC11B10.07c,-2.988484122790414,-1.886978692356348,384.5,0,269,1.429368029739777
SPBC11C11.08,0.015305920181298378,2.171259505092875,NA,NA,NA,NA
SPBC11C11.11c,-0.20311880020455672,0.7920762196313449,NA,NA,NA,NA
SPBC11G11.02c,0.5697731950185815,-1.9154832424695285,NA,NA,NA,NA
SPBC1215.01,-0.658295631905688,-1.9056601719518615,NA,NA,NA,NA
SPBC1271.08c,0.22111545845498526,0.7413181760352155,NA,NA,NA,NA
SPBC1271.10c,2.093012399523024,1.2352742946918538,559,0,307,1.8208469055374592
SPBC1289.11,0.3052935698854874,1.6066746136879217,NA,NA,NA,NA
SPBC1289.13c,-1.5844826571213682,-0.18986458962246772,NA,NA,NA,NA
SPBC1289.14,-1.2889774097044513,0.3908429924039553,NA,NA,NA,NA
SPBC12C2.01c,-0.9144550047889705,0.22513852060253234,NA,NA,NA,NA
SPBC1347.01c,-0.10632787803764118,-0.7489766189895356,NA,NA,NA,NA
SPBC1347.09,-1.849112945055386,-0.11474631747364314,NA,NA,NA,NA
SPBC1347.12,0.3113826588999007,0.28738411534487995,NA,NA,NA,NA
SPBC13A2.04c,-0.46797843311013254,-1.771944338779043,NA,NA,NA,NA
SPBC13E7.09,0.020941601746327494,-0.36288568466912285,NA,NA,NA,NA
SPBC13E7.11,-0.869592584740231,0.46740841148460044,NA,NA,NA,NA
SPBC146.04,0.03701726013173898,1.095383170818547,NA,NA,NA,NA
SPBC14C8.03,-1.1517524314422978,1.3849544346320615,NA,NA,NA,NA
SPBC14C8.05c,-0.9536201964399632,0.18555431625243954,NA,NA,NA,NA
SPBC14C8.09c,-0.9383369887762598,-0.2817495463272822,NA,NA,NA,NA
SPBC14C8.11c,-0.08371162187455536,1.6433597317142274,NA,NA,NA,NA
SPBC14F5.03c,-1.3484679672815028,-0.45847568423781665,NA,NA,NA,NA
SPBC14F5.07,0.6496527497969815,0.9059442049538825,NA,NA,NA,NA
SPBC14F5.10c,-0.21974699389887206,0.9725141990093965,NA,NA,NA,NA
SPBC14F5.13c,-0.8736152954467461,-0.5720115118969487,NA,NA,NA,NA
SPBC1539.03c,9.132208978340166e-4,-1.909857190209733,NA,NA,NA,NA
SPBC15C4.01c,-0.5033297208282622,-1.8939774730051142,NA,NA,NA,NA
SPBC15D4.01c,0.059219729716591916,0.7770652168513217,NA,NA,NA,NA
SPBC15D4.03,-2.1623966666186303,-1.050610970704018,329,0,261,1.260536398467433
SPBC15D4.12c,0.2530360516969437,0.22417850088763258,NA,NA,NA,NA
SPBC15D4.15,-0.12906670584427934,0.36949144028919684,NA,NA,NA,NA
SPBC1604.02c,-0.2354776806364615,-0.3904228373005913,NA,NA,NA,NA
SPBC1652.01,0.3368055859751635,-2.1571368572509413,NA,NA,NA,NA
SPBC1683.02,-0.11261204583140308,-1.1078124102425303e-4,NA,NA,NA,NA
SPBC1683.04,-0.2739479213476861,-1.1528636518365551,NA,NA,NA,NA
SPBC1683.07,-0.8036554596082949,1.3252447565864791,NA,NA,NA,NA
SPBC1683.12,0.027487999100206453,-0.42369615139193156,NA,NA,NA,NA
SPBC1683.13c,-0.723078366949484,0.1947001832502362,NA,NA,NA,NA
SPBC16A3.03c,0.0735256131424647,0.7097723089925246,NA,NA,NA,NA
SPBC16A3.06,-0.30896338385427286,-0.3927818129858027,NA,NA,NA,NA
SPBC16A3.17c,-0.07425033022513895,0.08920399602445256,NA,NA,NA,NA
SPBC16C6.10,-0.5477223423381012,0.16064496973929834,NA,NA,NA,NA
SPBC16D10.01c,-1.1064453456394132,-0.6034803254937713,NA,NA,NA,NA
SPBC16E9.03c,-0.06879605086940196,-1.8254300591074237,NA,NA,NA,NA
SPBC16E9.11c,0.5434029630268977,-0.07541247216324637,NA,NA,NA,NA
SPBC16E9.13,0.28061145193256454,1.4291922302986215,NA,NA,NA,NA
SPBC16G5.03,-0.3531359843306117,-2.2057314818726326,NA,NA,NA,NA
SPBC16G5.15c,0.5052578133314491,-2.3206495665754807,NA,NA,NA,NA
SPBC16G5.17,0.8623521991252541,0.6733542975174885,NA,NA,NA,NA
SPBC16H5.07c,-0.10688392675404026,-0.0960454574603888,NA,NA,NA,NA
SPBC16H5.11c,-0.0632930349578986,-0.936009619219304,NA,NA,NA,NA
SPBC16H5.13,-1.9614290589937238,0.4483679013247943,NA,NA,NA,NA
SPBC1703.04,0.08007223858537464,-0.952859104950135,NA,NA,NA,NA
SPBC1703.06,-0.4126064696339059,0.16574412972678543,NA,NA,NA,NA
SPBC1706.01,-1.798357707487364,-1.6518711821311949,252,0,245,1.0285714285714285
SPBC1706.03,1.2365999826314384,0.32764429580366206,NA,NA,NA,NA
SPBC1709.09,2.422992818054996,1.766837060249894,308,0,308,1
SPBC1709.10c,-1.0475911191003937,0.043051451855067986,NA,NA,NA,NA
SPBC1709.11c,-0.328399220176432,1.9560191280539396,NA,NA,NA,NA
SPBC1709.13c,1.0397705203018641,0.797959391306116,NA,NA,NA,NA
SPBC1711.01c,0.8549456860112832,-0.17988498557044466,NA,NA,NA,NA
SPBC1711.13,0.1668297906159228,-0.16916047277173674,NA,NA,NA,NA
SPBC1734.06,-0.464837843836022,1.260134874685325,NA,NA,NA,NA
SPBC1734.07c,0.039680472537346134,1.4145331493705184,NA,NA,NA,NA
SPBC1734.09,0.2794456690487429,1.0306222412501371,NA,NA,NA,NA
SPBC1734.15,-0.10510584303944083,-1.0346301401183406,NA,NA,NA,NA
SPBC1773.02c,-0.9838213698838592,-1.986996859712997,NA,NA,NA,NA
SPBC1773.03c,0.5346331132187431,-0.6871795127023946,NA,NA,NA,NA
SPBC1773.04,-2.3230956983177,1.9447876273532558,NA,NA,NA,NA
SPBC1773.08c,-2.4543017047082,-0.1012360256185547,NA,NA,NA,NA
SPBC1773.13,0.562583290946809,-0.1565689404510255,NA,NA,NA,NA
SPBC1773.16c,-0.26812359351846454,-0.440012948878329,NA,NA,NA,NA
SPBC1773.17c,-1.644537856097875,0.7725955095105256,NA,NA,NA,NA
SPBC1778.02,0.33845183916829635,-1.1988398084921612,NA,NA,NA,NA
SPBC1778.03c,0.6763632478407712,0.1208211133783556,NA,NA,NA,NA
SPBC1778.09,-0.1351239199235812,-0.5057281994930983,NA,NA,NA,NA
SPBC17A3.03c,0.44566470558564847,0.14984916587474206,NA,NA,NA,NA
SPBC17A3.06,0.5685229489294086,0.19598271603119802,NA,NA,NA,NA
SPBC17A3.10,-0.4344669581275286,0.13177171723041306,NA,NA,NA,NA
SPBC17D1.05,0.3562969035847156,0.2449961221582098,NA,NA,NA,NA
SPBC17D1.07c,-1.6045179338205648,-0.4208964953458368,NA,NA,NA,NA
SPBC17D11.03c,0.06643726401524451,-1.555830305769901,NA,NA,NA,NA
SPBC17G9.05,-0.7802567325937616,0.5758688064516995,NA,NA,NA,NA
SPBC17G9.09,-0.32152008542411015,-2.00763691170013,NA,NA,NA,NA
SPBC1861.01c,-1.8939169527433852,-1.582162219604186,NA,NA,NA,NA
SPBC1861.09,0.8360477176446819,0.6980597640601012,NA,NA,NA,NA
SPBC18A7.02c,1.0485365998621319,0.6678882565794945,NA,NA,NA,NA
SPBC18E5.05c,0.45897855884209604,0.47380974765347783,NA,NA,NA,NA
SPBC18E5.07,-0.2860165423232504,0.4273122904609147,NA,NA,NA,NA
SPBC18E5.10,0.008949644087267545,1.3266850040381692,NA,NA,NA,NA
SPBC18E5.11c,-0.2953277529885538,0.7853858378196544,NA,NA,NA,NA
SPBC18H10.05,0.5367650107629671,0.2934287598954149,NA,NA,NA,NA
SPBC1921.05,-0.11456574616198627,1.562111253762815,NA,NA,NA,NA
SPBC19C2.09,0.3495378313282284,0.8144255145836445,NA,NA,NA,NA
SPBC19C7.02,0.7329339814658433,-0.04474322611671807,NA,NA,NA,NA
SPBC19F5.01c,0.4747046657863924,-0.2636987509072592,NA,NA,NA,NA
SPBC19F8.04c,0.9842109819182508,-0.15791198850453417,NA,NA,NA,NA
SPBC19F8.08,0.23072173941033564,0.34462363758635056,NA,NA,NA,NA
SPBC19G7.10c,1.8530284158287056,0.46503627879670056,NA,NA,NA,NA
SPBC1D7.01,1.206956564260726,0.07831973816420879,NA,NA,NA,NA
SPBC211.06,0.5153403514975843,0.8337902531787185,NA,NA,NA,NA
SPBC215.01,-2.0299156698630867,0.0775711740189269,NA,NA,NA,NA
SPBC215.05,-0.8628272916453508,0.04507884717477529,NA,NA,NA,NA
SPBC215.06c,-2.0082807868209502,0.029226563490108357,NA,NA,NA,NA
SPBC215.08c,-0.22818840666104892,2.213505999674959,NA,NA,NA,NA
SPBC215.13,0.04028666374402418,0.6311738309737346,NA,NA,NA,NA
SPBC216.02,-0.4972532130457179,0.3295997986408307,NA,NA,NA,NA
SPBC216.03,-0.4675302825581041,-0.4800854322161087,NA,NA,NA,NA
SPBC216.04c,0.5332826037980295,0.7135430951286815,NA,NA,NA,NA
SPBC216.05,0.8542150041998152,-0.05197554637211546,NA,NA,NA,NA
SPBC21B10.03c,1.5190958446761245,-0.043896699140999966,NA,NA,NA,NA
SPBC21B10.07,-1.8341853996247597,0.8474556449618932,NA,NA,NA,NA
SPBC21B10.13c,1.8917417843752042,1.692285245080847,263.5,0,255,1.0333333333333334
SPBC21C3.02c,1.1644763201449813,0.47086312175052114,NA,NA,NA,NA
SPBC21C3.03,0.1934666952453722,-0.8635568305767325,NA,NA,NA,NA
SPBC21C3.08c,0.24320783243820043,-0.1576836591153206,NA,NA,NA,NA
SPBC21C3.09c,-0.5213992472931644,-0.4895643630513561,NA,NA,NA,NA
SPBC21C3.14c,-0.37116753368307287,1.0238892730443983,NA,NA,NA,NA
SPBC21D10.09c,0.6558713330391724,-0.35153866834307146,NA,NA,NA,NA
SPBC21H7.03c,-0.8708327638690565,-0.8538348118958442,NA,NA,NA,NA
SPBC21H7.04,-0.081152756004995,0.21722542937045253,NA,NA,NA,NA
SPBC23G7.06c,0.5237151787615135,0.6398836803283664,NA,NA,NA,NA
SPBC23G7.08c,0.7462014084446528,0.748115621601901,NA,NA,NA,NA
SPBC23G7.12c,0.37928786493942535,0.025224490887113996,NA,NA,NA,NA
SPBC25B2.03,-0.6253366231513405,0.019549893968570358,NA,NA,NA,NA
SPBC25B2.04c,0.5462809812559201,-0.3001304385852213,NA,NA,NA,NA
SPBC25B2.08,0.9426334390846907,-0.7817904670628418,NA,NA,NA,NA
SPBC25H2.05,-0.5295704661945521,0.31228361919742426,NA,NA,NA,NA
SPBC25H2.08c,0.44542376041114773,-0.0030044204466241663,NA,NA,NA,NA
SPBC27.04,0.5732576835667624,-0.7046653501110725,NA,NA,NA,NA
SPBC27B12.05,-0.7070831148967165,0.7489116118990804,NA,NA,NA,NA
SPBC28E12.02,0.33485311674110196,-0.18433355017567973,NA,NA,NA,NA
SPBC28F2.05c,-1.628239399387916,1.5528577703215622,NA,NA,NA,NA
SPBC28F2.08c,-0.5831839921833049,-0.2848418014370513,NA,NA,NA,NA
SPBC29A10.09c,-0.757588289089682,0.5325394226040036,NA,NA,NA,NA
SPBC29A10.14,-0.5826395555642047,-0.09411320879603594,NA,NA,NA,NA
SPBC29A3.03c,-0.703180577460828,0.08091565284092268,NA,NA,NA,NA
SPBC29A3.09c,0.166596388721484,-0.16339860941593937,NA,NA,NA,NA
SPBC29A3.13,0.235454814243003,-0.8408261641942596,NA,NA,NA,NA
SPBC29A3.18,-0.39880613304637025,-0.9987966132198725,NA,NA,NA,NA
SPBC29B5.04c,-0.06632660103762474,1.2824969690717538,NA,NA,NA,NA
SPBC2A9.03,0.4040211817272005,-0.6240118412227439,NA,NA,NA,NA
SPBC2A9.04c,-0.4339035708515629,0.2932345095195168,NA,NA,NA,NA
SPBC2A9.07c,0.8863245150927029,0.3734508849861801,NA,NA,NA,NA
SPBC2A9.13,2.736956048288238,0.8950415990903722,NA,NA,NA,NA
SPBC2D10.11c,1.6329290857253498,2.0169364564295336,NA,NA,NA,NA
SPBC2D10.15c,0.26180681610959633,-0.08653408084823973,NA,NA,NA,NA
SPBC2D10.17,0.4696417224024655,-0.15976067816152165,NA,NA,NA,NA
SPBC2F12.11c,-0.1600271967550464,-1.5545143526190115,NA,NA,NA,NA
SPBC2G2.01c,-1.1304649163607285,0.16936407965190287,NA,NA,NA,NA
SPBC2G2.02,-0.2477446372351492,2.3098497135488003,NA,NA,NA,NA
SPBC2G2.06c,-0.21736073612235354,0.14375617209538188,NA,NA,NA,NA
SPBC2G2.09c,0.5718214578082337,1.0983683860623683,NA,NA,NA,NA
SPBC2G5.02c,-0.6343279712208616,1.2165205753584611,NA,NA,NA,NA
SPBC30B4.02c,-0.9142639767397603,-0.09237329917909665,NA,NA,NA,NA
SPBC30B4.04c,-0.6611117658864709,0.6922171937095366,NA,NA,NA,NA
SPBC30D10.13c,0.4360077033760031,0.32316238295783184,NA,NA,NA,NA
SPBC317.01,-0.9666666683857441,-1.110682387955521,NA,NA,NA,NA
SPBC31A8.01c,0.04058520346819754,1.1449430062205268,NA,NA,NA,NA
SPBC31F10.02,-0.2676637967339893,-1.4457107126965678,NA,NA,NA,NA
SPBC31F10.03,-0.9351028294116055,1.605907482630258,NA,NA,NA,NA
SPBC31F10.07,-0.01879619524105715,-0.18879450589312807,NA,NA,NA,NA
SPBC31F10.16,-0.9248994222121663,-1.9719834838961139,NA,NA,NA,NA
SPBC32F12.03c,1.1809501837564165,0.5513554254397053,NA,NA,NA,NA
SPBC32F12.05c,-0.6525738017168564,-0.8911779638229099,NA,NA,NA,NA
SPBC32H8.02c,-1.6168624557247362,1.5396927894269834,NA,NA,NA,NA
SPBC32H8.06,-1.2456629977754903,-1.2532474356997667,NA,NA,NA,NA
SPBC32H8.08c,-0.3804418751250759,-0.616737961135077,NA,NA,NA,NA
SPBC32H8.11,-3.5632015672880812,-2.2931485423253073,260.5,0,240.5,1.0831600831600832
SPBC337.11,-0.5999598700131915,0.3978960093020594,NA,NA,NA,NA
SPBC354.07c,-0.6041140583508657,1.0116579186252406,NA,NA,NA,NA
SPBC354.14c,-1.9131632623135038,-1.3542710335289463,831,0,328,2.533536585365854
SPBC359.05,0.4209207938998292,1.0012384108442849,NA,NA,NA,NA
SPBC36.01c,0.8134262630887424,-0.9146630303605925,NA,NA,NA,NA
SPBC36.11,-0.38056846291661944,1.379132960866793,NA,NA,NA,NA
SPBC365.08c,-0.3547879945325281,0.1572895980118657,NA,NA,NA,NA
SPBC365.13c,0.6429438815103152,-0.206012987513728,NA,NA,NA,NA
SPBC365.16,-1.2066496933597841,0.14397712661592876,NA,NA,NA,NA
SPBC36B7.03,-0.15654392512625467,1.1798333701975332,NA,NA,NA,NA
SPBC3B8.03,-0.45763753175594307,0.42170305792667145,NA,NA,NA,NA
SPBC3B8.05,-0.6729445585658366,0.41631549682757957,NA,NA,NA,NA
SPBC3B8.06,-0.24348128537084693,-0.03548458817933429,NA,NA,NA,NA
SPBC3B9.08c,1.1833102020111788,1.7450108282605385,592,0,280,2.1142857142857143
SPBC3D6.02,-0.16375655976162548,0.7020006787103766,NA,NA,NA,NA
SPBC3D6.06c,-0.8963253616281045,1.4728470890901757,NA,NA,NA,NA
SPBC3E7.05c,0.13778478365609528,0.045092985217451614,NA,NA,NA,NA
SPBC3E7.06c,1.6286631755898173,0.7883452404921147,NA,NA,NA,NA
SPBC3E7.10,1.3988745521131754,-0.3334179252491013,NA,NA,NA,NA
SPBC3E7.11c,-0.8093666200086624,0.17562099108351972,NA,NA,NA,NA
SPBC3E7.15c,-0.6527591813750917,-0.06570353412641983,NA,NA,NA,NA
SPBC3E7.16c,-0.7302488426644346,-0.3346050965202795,NA,NA,NA,NA
SPBC3F6.01c,0.3566540969300016,-0.9125999261913913,NA,NA,NA,NA
SPBC3F6.05,0.18916916235978687,0.25895371629516606,NA,NA,NA,NA
SPBC3H7.06c,0.17574234930609642,-1.6424137126475227,NA,NA,NA,NA
SPBC3H7.07c,-0.08407473162864018,0.09270083607058838,NA,NA,NA,NA
SPBC3H7.13,-0.33636529569084284,-1.050002523142949,NA,NA,NA,NA
SPBC4.05,-0.39099047098741885,-0.4879470422573602,NA,NA,NA,NA
SPBC409.08,-0.2695742012847608,-1.8074390463514214,NA,NA,NA,NA
SPBC409.11,0.061899408830776007,0.6295967464512935,NA,NA,NA,NA
SPBC418.01c,-0.46608291951889536,1.055599594164872,NA,NA,NA,NA
SPBC428.14,-0.6311647869798797,0.15225570699505167,NA,NA,NA,NA
SPBC428.15,0.6122236937742043,-1.5138303966874165,NA,NA,NA,NA
SPBC4B4.04,0.09995464968864187,-1.4515603063265197,NA,NA,NA,NA
SPBC4C3.04c,0.009119399555382919,-1.9303035823631107,NA,NA,NA,NA
SPBC4C3.06,-0.24662313867454774,0.37488037063931595,NA,NA,NA,NA
SPBC4C3.08,-0.46599693103280854,0.6756633705342165,NA,NA,NA,NA
SPBC530.01,-0.014390908625423427,-1.6496531252074025,NA,NA,NA,NA
SPBC530.08,-0.920068179076667,-0.24128199766185895,NA,NA,NA,NA
SPBC530.09c,0.09025359645929704,0.37923578986663953,NA,NA,NA,NA
SPBC530.14c,-1.1242667592709044,1.0572059345895153,NA,NA,NA,NA
SPBC543.02c,1.010301743934042,-1.166870674397621,844,0,294,2.870748299319728
SPBC543.03c,1.4251592257580983,1.3270517476439085,843,0,261,3.2298850574712645
SPBC543.05c,0.3354514935205163,-1.5413128686806596,NA,NA,NA,NA
SPBC543.10,-0.6338671320337766,-0.34650108662074874,NA,NA,NA,NA
SPBC56F2.06,1.2111227604189654,1.3866030852539108,274,0,274,1
SPBC577.03c,-0.4850026341736391,-2.402394848159715,NA,NA,NA,NA
SPBC577.06c,0.2486196773902202,0.9492928962608156,NA,NA,NA,NA
SPBC577.13,0.00515078354174285,-1.344459030773079,NA,NA,NA,NA
SPBC582.09,0.17967516737968672,-1.3323211439434264,NA,NA,NA,NA
SPBC609.04,-2.1391473277160724,0.7872860593201281,NA,NA,NA,NA
SPBC646.08c,-0.8636421705344042,-0.5008142258968027,NA,NA,NA,NA
SPBC660.10,0.2689884503346579,-1.4168355791711518,NA,NA,NA,NA
SPBC685.04c,-0.47377131677576473,0.9946786620248449,NA,NA,NA,NA
SPBC685.06,0.3812508993181838,-1.1391903805497925,NA,NA,NA,NA
SPBC691.03c,-0.7574471016627645,0.1343885993686894,NA,NA,NA,NA
SPBC691.04,-0.20096722703433326,0.3262057940397969,NA,NA,NA,NA
SPBC6B1.02,-0.16921092668697715,-1.0299019259124842,NA,NA,NA,NA
SPBC713.07c,-1.1868682115679443,-0.5268828104121155,NA,NA,NA,NA
SPBC713.11c,-0.2864328776020208,-1.930090542888353,NA,NA,NA,NA
SPBC725.06c,2.1882454684022927,0.7245811008072564,NA,NA,NA,NA
SPBC725.07,-0.8540425536014662,1.2490983809729923,NA,NA,NA,NA
SPBC725.14,-0.43681403857090884,-0.2136586088811124,NA,NA,NA,NA
SPBC725.15,-1.1945540584617862,-0.9110588950106533,NA,NA,NA,NA
SPBC776.01,-0.6846915566485566,-1.766212832014794,NA,NA,NA,NA
SPBC776.02c,0.5077754849885879,-0.5537855468100166,NA,NA,NA,NA
SPBC776.16,-1.5353631017734888,1.8422642482246199,874,0,266.5,3.279549718574109
SPBC800.07c,-0.7657332790331487,0.26911163031450164,NA,NA,NA,NA
SPBC800.08,0.4809693387292782,1.5975720179482777,NA,NA,NA,NA
SPBC800.11,-0.4928756037054995,0.5553205691785631,NA,NA,NA,NA
SPBC839.06,-0.6946382735093235,0.31860067653070273,NA,NA,NA,NA
SPBC839.07,0.1524943978198074,-0.7585837044497307,NA,NA,NA,NA
SPBC839.13c,-1.3170008625767702,-0.18517823696944102,NA,NA,NA,NA
SPBC887.04c,0.7722685240874559,-0.057166228768056465,NA,NA,NA,NA
SPBC887.17,-0.8980045970679422,0.15287364106600013,NA,NA,NA,NA
SPBC8D2.01,-0.047619194722097816,-1.0185356889174153,NA,NA,NA,NA
SPBC8D2.19,-0.6338351166665138,-0.5395511314350547,NA,NA,NA,NA
SPBC8E4.03,-0.5866870335467657,0.8311671047782865,NA,NA,NA,NA
SPBC902.02c,-0.2157531409329002,-1.0040482508824378,NA,NA,NA,NA
SPBC902.04,2.7285650399553525,1.667059113183252,292.5,0,236.5,1.236786469344609
SPBC947.01,-1.3142872179445995,0.1367216050852653,NA,NA,NA,NA
SPBC947.05c,-0.5640655099480155,0.4547614327134809,NA,NA,NA,NA
SPBC947.09,-0.3554509274800802,0.29929354624449894,NA,NA,NA,NA
SPBC9B6.03,-0.21091106886077535,0.028033150577535526,NA,NA,NA,NA
SPBC9B6.09c,-0.037173492178983365,-1.3965751406786588,NA,NA,NA,NA
SPBC9B6.11c,0.24697305690378407,1.758939736464692,NA,NA,NA,NA
SPBCPT2R1.01c,-1.2283598906595676,0.7503949134826872,NA,NA,NA,NA
SPBP16F5.08c,-0.18693399311871242,-0.7382408140123023,NA,NA,NA,NA
SPBP19A11.02c,-0.21847016082824489,-1.4948435497697339,NA,NA,NA,NA
SPBP22H7.04,-0.1454866073713277,0.8400113926001432,NA,NA,NA,NA
SPBP22H7.05c,-0.18863713909134916,-1.0044824431289037,NA,NA,NA,NA
SPBP23A10.10,2.6243651373030437,1.5149385247089555,263,0,254,1.0354330708661417
SPBP23A10.16,-0.775827644834583,0.6784372163163217,NA,NA,NA,NA
SPBP35G2.05c,0.9212880573507121,1.117435865989137,NA,NA,NA,NA
SPBP35G2.10,-1.5363794847979375,-1.3060591868733042,846,0,266.5,3.174484052532833
SPBP4G3.02,-0.7526722376840241,0.4323080661439816,NA,NA,NA,NA
SPBP4H10.13,-0.07169545931601139,-0.7309688083775759,NA,NA,NA,NA
SPBP4H10.18c,0.14533182348168086,0.5203219489616872,NA,NA,NA,NA
SPBP4H10.20,-0.21380286938476437,1.4052254859558175,NA,NA,NA,NA
SPBP8B7.07c,-0.1415431028648329,0.647103915800411,NA,NA,NA,NA
SPBP8B7.18c,-0.49572718633522556,0.27672660164416,NA,NA,NA,NA
SPBPB10D8.01,2.2116367768943777,0.13046999842944715,NA,NA,NA,NA
SPBPB10D8.05c,-0.3996575826863381,-1.590931699074209,NA,NA,NA,NA
SPBPB2B2.14c,-0.10362667461135115,1.0270934599004278,NA,NA,NA,NA
SPCC1020.03,0.9819005208335747,-1.9266412718693264,NA,NA,NA,NA
SPCC1020.12c,-0.3911352777092541,-1.1086177951048584,NA,NA,NA,NA
SPCC1183.02,0.012040098165421696,-0.7107033448618385,NA,NA,NA,NA
SPCC1183.04c,-0.25921141053831115,-0.4443313525438969,NA,NA,NA,NA
SPCC1183.06,1.9631560699626258,1.4032616690719732,729,0,295,2.471186440677966
SPCC11E10.04,1.7047738295620043,-1.1517101130826428,883,0,341,2.589442815249267
SPCC11E10.07c,-0.7175350445544095,-0.6094551428305152,NA,NA,NA,NA
SPCC1223.03c,1.7639622095569665,0.13839622447169347,NA,NA,NA,NA
SPCC1223.04c,-0.014494751059378865,0.985938984267486,NA,NA,NA,NA
SPCC1223.05c,0.19758783241102393,0.3551031434960805,NA,NA,NA,NA
SPCC1235.05c,0.15043992173957046,0.9782372139903859,NA,NA,NA,NA
SPCC1235.12c,-0.5770082336937988,0.36260671459661314,NA,NA,NA,NA
SPCC1259.03,1.0907693428755043,-0.6062438795194739,NA,NA,NA,NA
SPCC1259.09c,0.5959210655946139,1.1514286233558488,NA,NA,NA,NA
SPCC1259.10,-0.0995375242105102,0.3193425866376068,NA,NA,NA,NA
SPCC126.01c,-1.1567786435947243,0.4778030034272557,NA,NA,NA,NA
SPCC126.06,-0.3432948806764369,0.7976608613951511,NA,NA,NA,NA
SPCC126.09,0.0760788120888312,0.3708519878438991,NA,NA,NA,NA
SPCC132.02,0.017375737914118495,0.7422371897586526,NA,NA,NA,NA
SPCC1322.02,-0.23362007653648953,0.904816709673082,NA,NA,NA,NA
SPCC1322.03,1.8147297926218229,-0.13605198648051506,NA,NA,NA,NA
SPCC1322.08,3.298597546924085,-0.06118854565093854,NA,NA,NA,NA
SPCC1442.05c,-0.767187432112822,0.9910543616474587,NA,NA,NA,NA
SPCC1442.14c,1.4207217620235042,-0.089977722427976,NA,NA,NA,NA
SPCC1442.16c,-0.15404136976230448,0.753063649345549,NA,NA,NA,NA
SPCC1442.17c,0.01832028484159892,-1.0140982703304637,NA,NA,NA,NA
SPCC1450.11c,-0.6726838700289296,-1.3901108575765262,NA,NA,NA,NA
SPCC1494.07,-0.3004577832636522,0.5113017677134217,NA,NA,NA,NA
SPCC1494.08c,-0.31431624569842154,0.8613377199803254,NA,NA,NA,NA
SPCC1494.10,1.9848033401099898,-2.2132515366042216,NA,NA,NA,NA
SPCC162.02c,-0.511722351738616,0.3287148100555924,NA,NA,NA,NA
SPCC1620.03,1.283950127315063,-1.6095545489704135,NA,NA,NA,NA
SPCC1620.07c,-1.0044967683878994,-0.11607512260409973,NA,NA,NA,NA
SPCC1682.07,0.825762051854836,-2.2734636948577025,NA,NA,NA,NA
SPCC1682.08c,0.2166030284954909,-0.5285619401328515,NA,NA,NA,NA
SPCC16A11.03c,-0.3462369290476415,1.039082428294411,NA,NA,NA,NA
SPCC16A11.04,-0.664909461053495,0.3132602439646636,NA,NA,NA,NA
SPCC16C4.06c,-1.2967473488751546,0.9609284369200983,NA,NA,NA,NA
SPCC1739.01,-0.0927851285813675,0.7242317174746224,NA,NA,NA,NA
SPCC1739.05,-1.3004370207368368,-1.5948468920158647,262.5,0,256.5,1.023391812865497
SPCC1739.09c,0.36796910816760353,-2.466839349420559,NA,NA,NA,NA
SPCC1753.05,0.8715299032909606,0.1680273812793939,NA,NA,NA,NA
SPCC1795.01c,-0.49015033367605343,0.4550974095317328,NA,NA,NA,NA
SPCC1795.09,-0.6236025521245011,0.35723450461739115,NA,NA,NA,NA
SPCC18.02,-0.3548699197031852,-0.4045802570144914,NA,NA,NA,NA
SPCC18.09c,0.7300092694160343,-2.3178105748575466,NA,NA,NA,NA
SPCC1827.03c,1.0842692937136902,-1.5453555220629025,463.5,0,335,1.3835820895522388
SPCC1827.04,0.24344432114835463,-1.0776661508421437,NA,NA,NA,NA
SPCC1827.07c,-0.6076799250450523,0.522672171441594,NA,NA,NA,NA
SPCC1840.02c,0.013554562210223473,0.20450173976021763,NA,NA,NA,NA
SPCC1840.05c,-0.26431367151614565,0.5127334609815731,NA,NA,NA,NA
SPCC1840.07c,0.7390270121133027,-1.4370602358727957,NA,NA,NA,NA
SPCC1840.12,1.4181830976591203,-1.352609192436254,1320.5,0,1320.5,1
SPCC188.08c,-0.07985818067038837,0.23107271465981996,NA,NA,NA,NA
SPCC188.09c,0.41606898691616867,0.7351206821488223,NA,NA,NA,NA
SPCC188.13c,-0.40834306387236363,0.831319382030032,NA,NA,NA,NA
SPCC18B5.01c,0.2070199346289843,0.6892264600799648,NA,NA,NA,NA
SPCC18B5.11c,-0.48468559978583176,1.3103832903277106,NA,NA,NA,NA
SPCC1906.02c,1.287052110059504,0.2699487457086951,NA,NA,NA,NA
SPCC191.10,-1.4284330916266283,-0.0573087263065799,NA,NA,NA,NA
SPCC1919.12c,0.40120700255565545,0.22344891318546833,NA,NA,NA,NA
SPCC1919.15,-0.7248615978780308,0.2732253528415871,NA,NA,NA,NA
SPCC24B10.03,0.18661549484514497,0.028608852506201106,NA,NA,NA,NA
SPCC24B10.11c,0.5860791407937416,0.7341863628156743,NA,NA,NA,NA
SPCC24B10.13,0.12368277266051414,0.5627134020881214,NA,NA,NA,NA
SPCC24B10.18,-0.6372346306440589,1.9255675932851222,NA,NA,NA,NA
SPCC24B10.20,0.7711575062510532,0.09852892646363173,NA,NA,NA,NA
SPCC285.11,0.04128252572715388,-0.6768391752209763,NA,NA,NA,NA
SPCC306.05c,-2.1342683700464153,0.8896522718344372,NA,NA,NA,NA
SPCC306.07c,-0.80725390139339,1.0289053606332415,NA,NA,NA,NA
SPCC31H12.05c,0.6688280918613448,-0.42597125661342883,NA,NA,NA,NA
SPCC320.03,-0.8149039808157558,-0.3056761681964254,NA,NA,NA,NA
SPCC330.03c,-1.773768412429635,0.501952515485576,NA,NA,NA,NA
SPCC338.06c,0.10108594839152182,0.8618942440370659,NA,NA,NA,NA
SPCC338.08,-1.124117299553894,0.1880914813701716,NA,NA,NA,NA
SPCC364.01,-0.2183687915352611,0.7926714835346906,NA,NA,NA,NA
SPCC417.12,-0.44561370222660523,0.9911601339166431,NA,NA,NA,NA
SPCC4E9.01c,-0.9869816662968376,1.7252536764863498,NA,NA,NA,NA
SPCC4G3.02,-0.34178341120453365,0.6198042568568238,NA,NA,NA,NA
SPCC4G3.05c,1.2217772648168563,-1.89477057123797,509,0,293,1.7372013651877134
SPCC4G3.10c,-0.3249126107710124,0.6407049252394942,NA,NA,NA,NA
SPCC550.08,-0.9854939162766865,-0.9820173757028108,NA,NA,NA,NA
SPCC553.04,-0.35239815140887787,0.07181422605387275,NA,NA,NA,NA
SPCC553.12c,0.4455351268107884,1.5546732025534666,NA,NA,NA,NA
SPCC576.02,0.7817525788417807,0.49109458844630954,NA,NA,NA,NA
SPCC584.01c,0.0528755082823053,-0.16374949796259866,NA,NA,NA,NA
SPCC584.13,-0.8455039309473966,0.354320906398945,NA,NA,NA,NA
SPCC584.16c,-0.8179123676113427,-0.6956714227523079,NA,NA,NA,NA
SPCC622.15c,-1.2090858687563086,-0.40086575617604603,NA,NA,NA,NA
SPCC622.19,-0.7168522670237876,-1.1799179781801108,NA,NA,NA,NA
SPCC63.14,0.5780579565965686,0.42221622251281105,NA,NA,NA,NA
SPCC645.08c,-0.0606677539050934,0.6054792510466389,NA,NA,NA,NA
SPCC645.11c,-0.20347023144654613,1.5488045299916546,NA,NA,NA,NA
SPCC663.06c,-1.5889133493657073,1.2872123855177815,906,0,299,3.0301003344481607
SPCC663.08c,-0.7433630753109375,0.2380762945069276,NA,NA,NA,NA
SPCC663.09c,-1.9484046505420636,-1.1464502121798887,248,0,237.5,1.0442105263157895
SPCC663.11,-0.9143588900472294,-1.3411116215626362,NA,NA,NA,NA
SPCC70.06,-0.0948002762968829,-1.5772197037898088,NA,NA,NA,NA
SPCC737.04,-0.7412816823094972,0.8038160997636749,NA,NA,NA,NA
SPCC737.07c,-0.6573961280030948,0.751395824689531,NA,NA,NA,NA
SPCC74.04,0.03396821689298472,-1.004609060929939,NA,NA,NA,NA
SPCC757.04,0.050120167830138986,-1.2259622836467627,NA,NA,NA,NA
SPCC757.05c,0.7765808390079865,0.47794332007881934,NA,NA,NA,NA
SPCC757.11c,-1.8744819266554917,0.9202319878368772,NA,NA,NA,NA
SPCC777.06c,-1.085519221183135,0.7139903494550538,NA,NA,NA,NA
SPCC777.08c,-2.4335240324323126,0.8486689170148095,NA,NA,NA,NA
SPCC794.03,-0.4972984347745891,-0.034214541897894565,NA,NA,NA,NA
SPCC794.11c,-0.7228538579657832,-1.4947304412665827,NA,NA,NA,NA
SPCC794.15,-0.30257143842841355,0.006016228067408705,NA,NA,NA,NA
SPCC895.09c,-0.2217963295566459,0.3846366951659357,NA,NA,NA,NA
SPCC962.05,0.4323179228866506,-1.7486428855147833,NA,NA,NA,NA
SPCC965.05c,-0.04469989147721517,1.189678224851988,NA,NA,NA,NA
SPCC965.06,-0.43631515489549105,0.15768374721209313,NA,NA,NA,NA
SPCC965.11c,-0.07904443561375736,0.2451474108773084,NA,NA,NA,NA
SPCC965.14c,-0.7291621925465882,-0.9733309187133437,NA,NA,NA,NA
SPCC970.05,-0.4554452686549317,0.5837521834091322,NA,NA,NA,NA
SPCP1E11.05c,1.1061081427007888,1.5622849340384233,NA,NA,NA,NA
SPCP1E11.06,0.37044895031370595,0.01027849645930955,NA,NA,NA,NA
SPCP31B10.06,1.007856000991476,-0.3783275877012414,NA,NA,NA,NA
SPCP31B10.07,1.2675925894363749,-0.1938327680156675,NA,NA,NA,NA
SPCPB16A4.03c,-0.5088282928636249,0.24784113578270123,NA,NA,NA,NA
SPCPB1C11.02,-0.2524694853572573,-0.4894646329733085,NA,NA,NA,NA
SPCPB1C11.03,0.6294253956394888,-0.2500020673178199,NA,NA,NA,NA
